There's some strange bug where the test accuracy is coming out the same for every set of parameters.
Either way I'm doing something right?
Weights are printed below as a dictionary; the key is the layer it comes out of -1.
Basically only two weight matrices anyhow.

Hidden layer size:  20
Learning rate:  0.01
Number of epochs:  1
Activation function:  relu
{0: array([[ 1505141.23670531,  1212610.42227636,  1493681.86249994,
         1445623.61556639,  1504847.06078989,  1505169.47184233,
         1504645.64625104,  1505136.14207239,  1468749.8807132 ,
         1494093.78659542,  1505011.97536   ,  1493854.80121989,
         1504822.60834379,  1504910.87875477,  1504981.22585435,
         1212404.49816201,  1505351.19794346,  1505261.93687689,
         1494102.83680982,  1505272.1003163 ],
       [   55519.52059669,    51920.6459867 ,    55923.11740189,
           56618.70127116,    55524.01536973,    55843.11351329,
           55970.03367154,    55597.78651248,    55049.38319676,
           55718.33466963,    55852.71095788,    55837.86641521,
           55939.6880032 ,    55540.55056283,    56037.3693887 ,
           51603.20626863,    56080.59581447,    55640.12083878,
           55582.53230711,    55603.54435531],
       [ 2235112.11206804,  1795933.69450784,  2217221.97002462,
         2142965.75569465,  2234632.50824574,  2235140.39750323,
         2234384.74878147,  2235140.47584483,  2178144.75762683,
         2217720.28440577,  2234995.23521761,  2217370.7708418 ,
         2234658.13217884,  2234811.61158648,  2234843.08412927,
         1795507.14287759,  2235463.26650963,  2235311.51003055,
         2217771.33585045,  2235294.31652967],
       [   10073.95252665,     7806.15994027,     9995.5824836 ,
            9591.14953489,    10069.39942925,    10073.42849837,
           10068.73493892,    10071.38102069,     9830.63994522,
            9998.58109793,    10074.29132056,     9998.25788639,
           10071.79546661,    10069.57601853,    10069.94640585,
            7802.56421689,    10074.36706104,    10074.50558493,
            9998.34005792,    10074.70927573],
       [  531075.9312086 ,   425628.29800325,   526405.90097135,
          507624.05127885,   530942.99063801,   531078.15063583,
          530904.14782208,   531083.56650738,   516259.46366859,
          526490.5407653 ,   531068.73181661,   526520.76910358,
          530958.45109988,   531010.07747573,   530993.64728233,
          425479.03476292,   531163.61725319,   531132.37134541,
          526502.6878614 ,   531098.88720646],
       [  -11315.21234373,   -10221.80904431,   -11188.78617883,
          -10703.25538375,   -11305.58696711,   -11313.30102266,
          -11312.97671381,   -11316.00487198,   -10900.73776308,
          -11174.09139324,   -11325.14401528,   -11177.68364332,
          -11317.155349  ,   -11316.54717497,   -11309.12961584,
          -10205.03578555,   -11321.22609533,   -11317.27762645,
          -11178.99861546,   -11311.55079792],
       [  725137.64184528,   579469.8497088 ,   718749.9866745 ,
          692722.03189912,   724952.65374251,   725136.54748469,
          724906.19492629,   725169.22666397,   704698.91331335,
          718834.59978689,   725147.0803988 ,   718723.35922802,
          725001.28751142,   725066.24939978,   725026.93986728,
          579249.12401739,   725277.18954997,   725213.69020711,
          718878.66559495,   725189.30512924],
       [ 1712190.73625394,  1376829.92999238,  1698910.83049381,
         1643181.86547514,  1711841.99102989,  1712215.99025277,
         1711630.9046497 ,  1712211.10370804,  1669847.26647791,
         1699326.29654715,  1712077.51981784,  1698941.33327235,
         1711850.71065307,  1711952.34228165,  1712000.69399118,
         1376551.91135256,  1712453.72231896,  1712332.86670832,
         1699365.61228755,  1712350.98525311],
       [  985455.92551111,   796077.99695031,   978578.26531218,
          948928.72653424,   985293.71221918,   985481.50828514,
          985129.11462137,   985444.61931452,   963596.37368172,
          978907.88062354,   985333.78194893,   978636.92215202,
          985251.33163721,   985290.4365412 ,   985375.94552833,
          796019.68545915,   985581.16022601,   985522.61960984,
          978904.62994165,   985565.11239274],
       [   25629.04988859,    20579.89357911,    25423.30882994,
           24567.34241511,    25623.9041362 ,    25629.93441582,
           25620.72816638,    25629.23141975,    24971.87735286,
           25427.15334544,    25628.11735358,    25423.55857312,
           25623.87686272,    25624.8087411 ,    25626.22477507,
           20575.5119228 ,    25632.56442464,    25631.02401749,
           25429.11484779,    25631.47888023]]), 1: array([[ -9.12577425e-02,  -3.69305443e+02,  -1.32036726e+03,
         -6.62010563e+03,  -2.32982489e+03,  -6.02049011e+01,
         -1.10994788e+02],
       [  4.32154032e-01,  -3.50546815e+02,  -1.17057285e+03,
         -5.91071771e+03,  -2.14912795e+03,  -5.03362878e+01,
         -1.09701304e+02],
       [ -5.20698103e-01,  -3.70670495e+02,  -1.31991943e+03,
         -6.58904493e+03,  -2.32950972e+03,  -6.01291521e+01,
         -1.09319797e+02],
       [ -4.41439781e-01,  -3.50322897e+02,  -1.28949727e+03,
         -6.46906574e+03,  -2.31945584e+03,  -6.03847747e+01,
         -1.09300967e+02],
       [  7.39082877e-01,  -3.69176747e+02,  -1.31961465e+03,
         -6.61939162e+03,  -2.32996944e+03,  -5.90690723e+01,
         -1.10872914e+02],
       [  3.10400753e-01,  -3.69163096e+02,  -1.32020147e+03,
         -6.62016802e+03,  -2.32993894e+03,  -6.05133937e+01,
         -1.10049837e+02],
       [ -3.99230801e-01,  -3.69500867e+02,  -1.31968630e+03,
         -6.61918899e+03,  -2.32929696e+03,  -6.00786631e+01,
         -1.09526490e+02],
       [  7.77248229e-01,  -3.70716574e+02,  -1.31955511e+03,
         -6.62041027e+03,  -2.32939790e+03,  -6.01508916e+01,
         -1.10897949e+02],
       [  6.20380232e-01,  -3.59886650e+02,  -1.31963251e+03,
         -6.52048878e+03,  -2.33068357e+03,  -5.94949013e+01,
         -1.10870118e+02],
       [  6.91489324e-01,  -3.69134206e+02,  -1.32028188e+03,
         -6.58936764e+03,  -2.33094360e+03,  -6.09417682e+01,
         -1.10299308e+02],
       [  5.67941971e-01,  -3.70432383e+02,  -1.32053687e+03,
         -6.62011921e+03,  -2.32900500e+03,  -6.09928452e+01,
         -1.09960451e+02],
       [ -3.79619022e-01,  -3.59019203e+02,  -1.32057556e+03,
         -6.58922704e+03,  -2.33094725e+03,  -6.08636270e+01,
         -1.09346114e+02],
       [  5.74562460e-01,  -3.70793069e+02,  -1.32050928e+03,
         -6.61941172e+03,  -2.32936508e+03,  -5.94119562e+01,
         -1.09361466e+02],
       [ -2.89737236e-01,  -3.70400497e+02,  -1.31940080e+03,
         -6.61996551e+03,  -2.32918881e+03,  -5.95425168e+01,
         -1.10914393e+02],
       [ -3.43701837e-01,  -3.69634132e+02,  -1.31961654e+03,
         -6.61978869e+03,  -2.32989294e+03,  -5.92591908e+01,
         -1.09236436e+02],
       [  7.98394721e-01,  -3.49696203e+02,  -1.17044343e+03,
         -5.90950526e+03,  -2.15026066e+03,  -5.02376230e+01,
         -1.10899147e+02],
       [  7.52046364e-01,  -3.70622922e+02,  -1.32031858e+03,
         -6.62079742e+03,  -2.32952603e+03,  -6.05151091e+01,
         -1.09247094e+02],
       [ -7.06293245e-01,  -3.69319158e+02,  -1.32055209e+03,
         -6.62044393e+03,  -2.32973868e+03,  -6.08578273e+01,
         -1.10708909e+02],
       [ -5.15743785e-01,  -3.70643867e+02,  -1.32036862e+03,
         -6.58948747e+03,  -2.33058285e+03,  -6.09275276e+01,
         -1.10737131e+02],
       [ -1.41328820e-01,  -3.70568289e+02,  -1.32010824e+03,
         -6.62036713e+03,  -2.32997847e+03,  -5.96434616e+01,
         -1.10726576e+02],
       [  1.55486836e-01,  -8.58716818e-01,  -1.11982221e+00,
         -7.10431554e+00,  -3.26297887e+00,  -3.10908189e-01,
         -7.74635450e-01]])}
Test Accuracy:  0.7915862068965517


Hidden layer size:  10
Learning rate:  0.001
Number of epochs:  5
Activation function:  relu
{0: array([[  3.61924089e+05,   3.71008260e+05,   3.72592401e+05,
          3.74708608e+05,   3.73416990e+05,   3.75445224e+05,
          3.75963773e+05,   3.75708667e+05,   3.75858301e+05,
          3.75737122e+05],
       [  2.85552421e+03,   3.18905056e+03,   3.14902583e+03,
          3.39559423e+03,   3.19269722e+03,   3.32329802e+03,
          3.32257355e+03,   3.43344604e+03,   3.21450707e+03,
          3.36784540e+03],
       [  5.36795332e+05,   5.50417286e+05,   5.52723068e+05,
          5.55832689e+05,   5.53916088e+05,   5.56913521e+05,
          5.57738408e+05,   5.57334458e+05,   5.57570952e+05,
          5.57344115e+05],
       [  2.68567521e+03,   2.75143146e+03,   2.75691266e+03,
          2.77244739e+03,   2.76152500e+03,   2.77666840e+03,
          2.78155850e+03,   2.77881691e+03,   2.78112560e+03,
          2.77905049e+03],
       [  1.27195779e+05,   1.30478532e+05,   1.30996419e+05,
          1.31712248e+05,   1.31257693e+05,   1.31960837e+05,
          1.32187184e+05,   1.32075721e+05,   1.32135098e+05,
          1.32061839e+05],
       [ -4.77290142e+02,  -5.09486753e+02,  -5.02308489e+02,
         -5.03871815e+02,  -4.99604660e+02,  -5.01424345e+02,
         -5.11932536e+02,  -5.06678394e+02,  -5.09441079e+02,
         -5.03734631e+02],
       [  1.73692850e+05,   1.78198706e+05,   1.78915558e+05,
          1.79903178e+05,   1.79283070e+05,   1.80246555e+05,
          1.80552143e+05,   1.80402890e+05,   1.80486928e+05,
          1.80382437e+05],
       [  4.11681362e+05,   4.22070890e+05,   4.23869657e+05,
          4.26277146e+05,   4.24808869e+05,   4.27112603e+05,
          4.27714925e+05,   4.27420585e+05,   4.27599780e+05,
          4.27443976e+05],
       [  2.37582710e+05,   2.43456085e+05,   2.44534010e+05,
          2.45952582e+05,   2.45106084e+05,   2.46445578e+05,
          2.46741070e+05,   2.46595248e+05,   2.46689198e+05,
          2.46638141e+05],
       [  6.15884551e+03,   6.31499562e+03,   6.33996039e+03,
          6.37692252e+03,   6.35426578e+03,   6.38956896e+03,
          6.39944814e+03,   6.39345117e+03,   6.39620537e+03,
          6.39463905e+03]]), 1: array([[ -3.59427495e-01,  -1.78337595e+02,  -6.51313618e+02,
         -3.24653264e+03,  -1.14480171e+03,  -2.92389210e+01,
         -5.55765702e+01],
       [ -7.23804542e-01,  -1.81430865e+02,  -6.58308154e+02,
         -3.28887224e+03,  -1.15614548e+03,  -2.88587400e+01,
         -5.40546902e+01],
       [  4.98053083e-01,  -1.83497010e+02,  -6.56400762e+02,
         -3.29609784e+03,  -1.15914514e+03,  -3.09017777e+01,
         -5.58466356e+01],
       [ -2.25152601e-02,  -1.85064511e+02,  -6.59494417e+02,
         -3.30486192e+03,  -1.16299853e+03,  -3.08972031e+01,
         -5.42604731e+01],
       [ -2.53198580e-01,  -1.85186756e+02,  -6.56707501e+02,
         -3.29949004e+03,  -1.16092572e+03,  -2.94528708e+01,
         -5.55681644e+01],
       [  5.22305177e-01,  -1.85543508e+02,  -6.58544823e+02,
         -3.30834003e+03,  -1.16423347e+03,  -3.04861368e+01,
         -5.51283857e+01],
       [ -9.31644792e-01,  -1.84704615e+02,  -6.60176699e+02,
         -3.31098158e+03,  -1.16408110e+03,  -3.06789224e+01,
         -5.47579239e+01],
       [ -7.30090337e-01,  -1.85430756e+02,  -6.59183366e+02,
         -3.30975051e+03,  -1.16408517e+03,  -3.03642338e+01,
         -5.41791609e+01],
       [  8.62521902e-01,  -1.85735066e+02,  -6.60145174e+02,
         -3.31030403e+03,  -1.16420326e+03,  -2.95926485e+01,
         -5.52699987e+01],
       [ -8.33613952e-01,  -1.85365727e+02,  -6.59882275e+02,
         -3.30936680e+03,  -1.16483467e+03,  -2.97725345e+01,
         -5.44749646e+01],
       [ -4.56778802e-01,   5.63392978e-01,  -1.39684261e+00,
         -4.27034782e+00,  -1.23676681e+00,   8.96165015e-01,
         -3.13943445e-01]])}


Test Accuracy:  0.7915862068965517
Hidden layer size:  10
Learning rate:  0.001
Number of epochs:  5
Activation function:  sigmoid
{0: array([[  1.88537824e-01,   4.98358021e-01,  -3.62432315e-01,
         -3.70107961e-01,   3.29411618e-01,  -4.14024203e-01,
         -4.21153784e-01,  -1.60891765e-01,  -1.01785281e-01,
         -6.16993257e-01],
       [ -3.38016871e-01,   8.35866960e-01,  -6.92384813e-01,
         -8.29881272e-01,   3.47254052e-01,  -4.89929620e-01,
          7.85133547e-02,  -3.29015345e-01,   7.89395408e-01,
         -1.33910583e-01],
       [  6.08421961e-01,   2.60811633e-01,   7.69132495e-01,
          5.19022343e-01,  -8.39643813e-01,   5.47901858e-01,
         -9.63915565e-01,   7.78140633e-01,   5.64051350e-01,
          4.74345849e-02],
       [  7.41341635e-01,   4.72047969e-01,  -2.07528485e-01,
          6.90684716e-01,  -7.07147597e-01,   4.41713843e-01,
         -1.07066777e-01,  -9.33915953e-01,   3.55912043e-02,
          9.60481445e-02],
       [  4.51267920e-01,  -5.44133745e-01,  -2.52037983e-01,
         -3.20085347e-01,   3.25875241e-01,  -5.78695507e-01,
          7.94394529e-01,   2.92501532e-01,  -2.86136979e-01,
         -2.10755088e-02],
       [  5.26803772e-01,  -6.81870520e-01,   2.09213830e-01,
         -8.71536118e-01,  -8.01606009e-01,   5.33463734e-01,
         -1.76164688e-01,   8.54353725e-01,   4.01739020e-01,
          5.17733873e-01],
       [ -1.97992435e-01,  -1.81300943e-01,   6.55073890e-01,
          9.56938299e-01,  -8.55152271e-04,   1.17731075e-01,
          2.16318941e-01,  -9.89654420e-02,  -2.47611642e-01,
          8.39675386e-01],
       [ -2.80483642e-01,   5.02471734e-01,   6.38364548e-01,
          7.39919280e-02,  -6.99577118e-01,  -3.88127452e-01,
          4.43993785e-01,  -4.77523418e-01,  -8.80758377e-01,
         -4.73411625e-01],
       [  1.97054708e-01,  -9.64699421e-01,  -2.26115801e-01,
          5.42433638e-01,   5.74329909e-01,   4.31472244e-01,
          3.11347236e-02,  -1.42468011e-02,   9.09609884e-01,
          7.91104974e-01],
       [  8.67566401e-01,   8.29487114e-01,  -7.18424486e-01,
         -6.15299207e-01,   1.68788358e-02,  -3.66762834e-01,
         -7.03070090e-01,  -8.13134377e-01,   3.38525427e-01,
          7.92725380e-01]]), 1: array([[ 0.47383225,  0.41982557, -0.18775441, -3.56977289, -0.34433607,
        -0.67543715, -0.90839384],
       [ 0.49105765,  0.79346004, -0.9693233 , -4.28405645, -2.11609849,
        -0.22165141,  0.92630451],
       [ 0.13463651,  0.38872323, -0.43221027, -2.61274903, -0.87861489,
        -0.65143321, -0.8276683 ],
       [-0.20731168,  0.66535136, -1.2269762 , -3.32459863, -1.9135768 ,
        -0.30985013,  0.79845838],
       [ 0.14350363,  0.33418488,  0.08049805, -3.44108233, -1.48670155,
         0.39735141, -0.0082084 ],
       [ 0.69619254, -0.95819134, -0.14897796, -4.15793669, -0.93931804,
         0.25304782,  0.06942732],
       [ 0.82823121,  0.5705786 ,  0.24111854, -2.81162944, -1.51264414,
         0.57073885, -0.76796452],
       [ 0.30503313, -0.82940507, -0.8019955 , -4.25301336, -0.30648706,
         0.47036708,  0.07093181],
       [ 0.2864489 , -0.51870052, -1.20424536, -2.42874929, -1.70484087,
        -0.67443443,  0.15254862],
       [ 0.66775122,  0.46140857, -0.04589984, -3.00792342, -0.16996634,
         0.9402304 ,  0.93994798],
       [-0.63632833,  0.55269854,  0.11137449, -4.02721667, -0.41870833,
         0.20245891, -0.77530891]])}
Test Accuracy:  0.7915862068965517


Hidden layer size:  5
Learning rate:  0.0005
Number of epochs:  5
Activation function:  sigmoid
{0: array([[-0.17472642,  0.78747842,  0.947059  ,  0.51427715, -0.23847094],
       [-0.17515626,  0.044162  , -0.52254504, -0.1855446 ,  0.48936902],
       [-0.22949224,  0.32879935,  0.62285709, -0.45666841,  0.05657825],
       [ 0.49812889, -0.70868805,  0.48610553,  0.70781647,  0.24117264],
       [ 0.05206625, -0.41842622, -0.38630547, -0.10844474, -0.19018514],
       [-0.93277756, -0.66980193, -0.65329238, -0.19994886,  0.23379595],
       [-0.97128085,  0.87568797,  0.84573264,  0.05184325, -0.52283107],
       [-0.7525922 ,  0.5106759 , -0.68641645, -0.40880349,  0.43566234],
       [-0.20746733,  0.95177427,  0.95168542,  0.50932779, -0.87453411],
       [ 0.26135108,  0.010883  ,  0.53788184,  0.32903913,  0.76139523]]), 1: array([[-0.12729062,  0.17907553, -0.87845771, -1.72337321, -0.43884399,
         0.16663398,  0.30995947],
       [ 0.67978718, -0.17132231, -0.61811568, -2.48230695,  0.16918888,
        -0.12551789,  0.80152867],
       [-0.64212613, -1.05432596, -1.05827355, -1.64817537, -1.32578021,
        -0.54240162,  0.80137949],
       [ 0.20197155,  0.68137646,  0.38595892, -1.93041811, -0.9209004 ,
         0.93718896, -0.78972098],
       [-0.90363361,  0.22792718, -0.71650128, -0.69660003, -0.99426636,
        -0.14178531,  0.50187758],
       [ 0.13656002, -0.04349689, -0.03073306, -1.97705011, -0.51539763,
         0.42295965, -0.0404264 ]])}
Test Accuracy:  0.7915862068965517


